 00 01 02 03 04  05 06 07 08 09  10 11 12 13 14  00 16 17 18 19  15 21 22 23 24 
 01 02 07 03 04  05 06 12 08 09  10 11 17 13 14  00 16 18 00 24  15 21 22 19 23 
 05 01 02 03 04  10 06 07 08 09  00 11 13 18 14  15 17 12 23 19  21 16 22 24 00 
 05 01 00 03 04  10 06 02 08 09  00 11 07 13 14  16 17 12 18 19  15 21 22 23 24 
 05 02 00 03 04  06 01 07 08 09  10 11 12 13 14  00 16 17 18 19  15 21 22 23 24 
 05 01 02 03 04  06 11 07 08 09  10 17 16 13 14  00 00 12 18 19  15 21 22 23 24 
 05 01 03 04 00  06 07 02 08 09  10 11 12 13 14  00 16 17 18 19  15 21 22 23 24 
 01 02 07 03 04  05 00 06 08 09  10 11 12 13 14  00 16 17 18 19  15 21 22 23 24 
 01 06 02 03 04  05 11 07 00 09  16 12 13 08 14  10 00 17 18 19  15 21 22 23 24 
 01 06 02 03 04  10 05 07 08 09  11 12 13 14 19  00 16 17 00 18  15 21 22 23 24 
 01 07 06 03 04  05 00 02 08 09  10 11 12 13 14  00 16 17 18 19  15 21 22 23 24 
 05 01 02 03 04  06 00 07 08 09  10 11 12 13 14  00 16 17 18 19  15 21 22 23 24 
 01 02 07 03 04  05 00 12 08 09  10 06 11 13 14  00 16 17 18 19  15 21 22 23 24 
 01 06 02 03 04  10 05 12 08 09  00 07 11 13 14  00 16 17 18 19  15 21 22 23 24 
 01 06 00 02 04  05 07 08 03 09  10 11 12 13 14  00 16 17 18 19  15 21 22 23 24 
 01 02 07 03 04  05 06 08 09 14  10 11 12 13 19  00 16 22 17 18  15 21 00 23 24 
 05 06 01 03 04  10 00 02 07 09  00 12 13 08 14  16 11 17 18 19  15 21 22 23 24 
 05 01 02 03 04  10 06 13 07 09  11 12 00 08 14  00 16 17 18 19  15 21 22 23 24 
 05 02 03 04 09  06 01 07 08 14  10 11 12 13 00  00 16 17 18 19  15 21 22 23 24 
 05 01 02 03 04  06 11 07 08 09  10 12 13 18 14  00 16 17 19 24  15 21 22 23 00 
 05 01 02 03 04  06 07 12 08 09  10 11 00 13 14  00 16 17 18 19  15 21 22 23 24 
 01 02 00 08 04  05 06 03 07 09  10 11 12 13 14  00 16 17 18 19  15 21 22 23 24 
 05 01 02 03 04  10 06 07 08 09  00 11 13 18 14  16 17 12 19 24  15 21 22 23 00 
 05 01 02 03 04  10 06 07 08 09  11 12 17 13 14  15 00 16 18 19  00 21 22 23 24 
 05 01 02 03 04  10 06 07 08 09  00 11 12 13 14  15 17 18 00 19  21 16 22 23 24 
 05 01 02 03 04  06 00 07 08 09  10 11 12 13 14  15 16 17 18 19  00 21 22 23 24 
 05 01 02 03 04  10 06 07 08 09  00 11 12 13 14  16 22 21 18 19  15 17 00 23 24 
 05 01 02 03 04  10 06 07 08 09  00 11 00 13 14  16 17 12 18 19  15 21 22 23 24 
 05 01 02 03 04  10 06 07 08 09  11 12 17 13 14  00 16 18 00 24  15 21 22 19 23 
 05 01 02 03 04  10 06 07 08 09  00 16 12 13 14  11 21 17 18 19  00 15 22 23 24 
 05 01 02 03 04  10 06 07 08 09  11 16 00 12 13  00 17 18 19 14  15 21 22 23 24 
 05 01 02 03 04  10 07 12 08 09  11 16 06 13 14  00 00 17 18 19  15 21 22 23 24 
 01 02 00 03 04  05 06 07 08 09  10 11 12 13 14  00 16 17 18 19  15 21 22 23 24 
 05 02 07 03 04  10 01 12 08 09  11 06 00 13 14  00 16 17 18 19  15 21 22 23 24 
 05 01 02 03 04  10 06 07 08 09  11 16 13 18 14  00 17 12 23 19  15 21 00 22 24 
 05 01 02 03 04  10 06 07 08 09  00 11 00 13 14  16 17 12 18 19  15 21 22 23 24 
 05 01 02 03 04  10 06 07 08 09  11 12 00 13 14  00 16 17 18 19  15 21 22 23 24 
 05 01 02 03 04  10 06 07 08 09  11 16 12 13 14  00 00 17 18 19  15 21 22 23 24 
 05 01 02 03 04  10 00 06 08 09  11 12 07 13 14  00 16 17 18 19  15 21 22 23 24 
 05 01 02 03 04  06 00 07 08 09  10 11 17 13 14  00 12 16 18 19  15 21 22 23 24 
 05 01 02 03 04  10 06 07 08 09  11 17 16 13 14  15 00 12 18 19  00 21 22 23 24 
 01 02 00 03 04  05 10 07 08 09  11 06 12 13 14  00 16 17 18 19  15 21 22 23 24 
 05 01 00 03 04  06 07 02 08 09  10 11 12 13 14  00 16 17 18 19  15 21 22 23 24 
 05 01 02 03 04  11 10 07 08 09  00 06 12 13 14  00 16 17 18 19  15 21 22 23 24 
 05 01 02 03 04  11 10 07 08 09  00 06 00 13 14  16 17 12 18 19  15 21 22 23 24 
 00 01 02 03 04  05 06 07 08 09  10 11 12 13 14  00 16 17 18 19  15 21 22 23 24 
 05 01 02 03 04  06 11 07 08 09  10 12 00 13 14  00 16 17 18 19  15 21 22 23 24 
 05 02 07 03 04  06 12 11 08 09  00 10 01 13 14  00 16 17 18 19  15 21 22 23 24 
 05 02 03 04 00  06 01 07 08 09  10 11 12 13 14  00 16 17 18 19  15 21 22 23 24 
 00 01 02 03 04  05 06 12 08 09  10 07 11 13 14  00 16 17 18 19  15 21 22 23 24 
 05 01 02 03 04  11 00 07 08 09  06 10 12 13 14  00 16 17 18 19  15 21 22 23 24 
 05 01 03 08 04  06 00 07 02 09  10 11 12 13 14  00 16 17 18 19  15 21 22 23 24 
 05 07 01 02 04  06 08 03 09 14  10 11 12 13 00  00 16 17 18 19  15 21 22 23 24 
 05 01 03 04 00  06 11 02 08 09  10 12 07 13 14  00 16 17 18 19  15 21 22 23 24 
 05 01 02 03 04  06 11 07 08 09  16 00 12 13 14  10 00 17 18 19  15 21 22 23 24 
 05 01 02 03 04  06 11 07 08 09  00 10 16 13 14  15 17 12 18 19  00 21 22 23 24 
 05 01 00 03 04  06 11 02 08 09  10 12 07 13 14  00 16 17 18 19  15 21 22 23 24 
 05 01 02 03 04  06 11 07 00 09  00 10 13 08 14  16 17 12 18 19  15 21 22 23 24 
 05 01 02 03 04  06 11 07 08 09  10 12 13 18 14  00 16 17 00 19  15 21 22 23 24 
 05 01 02 03 04  06 00 11 08 09  10 12 07 13 14  00 16 17 18 19  15 21 22 23 24 
 05 01 02 04 00  06 11 08 03 09  10 12 07 13 14  00 16 17 18 19  15 21 22 23 24 
 05 01 02 03 04  06 11 10 08 09  00 12 07 13 14  00 16 17 18 19  15 21 22 23 24 
 05 01 02 03 04  11 00 07 08 09  06 10 12 18 14  00 16 13 17 19  15 21 22 23 24 
 05 01 02 03 04  06 11 07 08 09  10 16 00 13 14  00 17 12 18 19  15 21 22 23 24 
 05 01 00 03 04  06 07 02 08 09  10 11 12 13 14  00 16 17 18 19  15 21 22 23 24 
 05 01 02 03 04  10 06 13 07 09  00 11 00 08 14  16 17 12 18 19  15 21 22 23 24 
 10 05 02 03 04  11 01 07 08 09  00 06 12 13 14  00 16 17 18 19  15 21 22 23 24 
 05 01 02 03 04  06 12 11 08 09  10 07 17 13 14  00 00 16 18 19  15 21 22 23 24 
 01 06 02 03 04  05 07 12 08 09  10 11 17 13 14  00 16 22 18 19  15 21 00 23 24 
 05 01 12 02 04  06 11 07 03 09  10 13 00 08 14  00 16 17 18 19  15 21 22 23 24 
 05 01 02 03 04  06 07 12 08 09  10 11 13 14 19  00 16 17 18 24  15 21 22 23 00 
 05 07 01 03 04  11 10 02 08 09  00 06 12 13 14  00 16 17 18 19  15 21 22 23 24 
 05 01 02 03 04  06 07 12 08 09  10 11 00 17 14  00 16 18 13 19  15 21 22 23 24 
 05 01 02 03 04  10 06 07 14 13  00 11 08 12 09  00 16 17 18 19  15 21 22 23 24 
 05 01 02 03 04  06 07 12 08 09  00 10 17 13 14  00 11 22 18 19  15 16 21 23 24 
 05 02 12 03 04  06 01 11 08 09  10 07 00 17 14  00 16 18 13 19  15 21 22 23 24 
 05 01 02 03 04  06 07 12 08 09  10 11 13 18 00  00 16 17 23 14  15 21 22 24 19 
 05 01 02 03 04  06 07 12 08 09  10 11 13 18 14  00 16 17 23 19  15 21 22 24 00 
 05 01 02 03 04  06 11 07 08 09  10 12 13 18 14  00 16 17 00 19  15 21 22 23 24 
 05 01 02 03 04  06 07 12 08 09  10 16 11 13 14  15 00 17 18 19  00 21 22 23 24 
 05 01 02 03 04  06 07 12 08 09  10 11 13 18 14  00 16 17 00 19  15 21 22 23 24 
 05 01 02 09 00  06 07 08 04 03  10 11 12 13 14  00 16 17 18 19  15 21 22 23 24 
 05 01 02 03 04  06 07 12 08 09  00 10 11 13 14  00 16 17 18 19  15 21 22 23 24 
 05 01 02 03 04  06 07 08 09 14  10 11 12 18 13  00 16 17 00 19  15 21 22 23 24 
 01 02 07 03 04  05 06 12 08 09  10 16 11 13 14  00 00 17 18 19  15 21 22 23 24 
 01 06 02 03 04  05 11 07 08 09  10 16 12 13 14  15 00 17 18 19  00 21 22 23 24 
 01 06 02 03 04  05 07 12 14 08  10 11 13 18 09  00 16 17 00 19  15 21 22 23 24 
 01 06 00 03 04  05 07 02 08 09  10 11 12 13 14  00 16 17 18 19  15 21 22 23 24 
 05 01 02 03 04  06 11 07 08 09  10 12 13 14 00  00 16 17 18 19  15 21 22 23 24 
 01 02 07 03 04  10 05 06 00 08  11 16 12 13 09  00 17 18 19 14  15 21 22 23 24 
 01 06 02 03 04  05 00 07 08 09  10 11 12 13 14  00 16 17 18 19  15 21 22 23 24 
 01 02 07 03 04  05 06 12 08 09  00 16 11 13 14  10 00 17 18 19  15 21 22 23 24 
 01 06 02 03 04  05 00 07 08 09  10 11 17 13 14  00 12 16 18 19  15 21 22 23 24 
 01 06 02 03 04  05 07 12 08 09  10 11 00 13 14  00 16 17 18 19  15 21 22 23 24 
 01 06 03 08 04  05 07 02 00 09  10 11 12 13 14  00 16 17 18 19  15 21 22 23 24 
 01 06 02 03 04  05 07 08 13 09  10 11 17 18 14  00 12 16 00 19  15 21 22 23 24 
 01 06 02 03 04  05 00 07 08 09  16 11 12 13 14  10 00 17 18 19  15 21 22 23 24 
 00 06 02 03 04  01 16 07 08 09  11 05 12 13 14  10 00 17 18 19  15 21 22 23 24 
 01 06 02 03 04  11 00 07 08 09  05 10 12 13 14  00 16 17 18 19  15 21 22 23 24 
 00 01 02 03 04  05 06 07 08 09  10 11 12 13 14  00 16 17 18 19  15 21 22 23 24 
