CASO 1: 6 5 3 4 9 1 8 2 18 13 0 12 11 23 14 10 15 7 16 19 20 21 17 22 24

28
28 30 32 IDA* costo: 32 time: 0.01
Generados 2790 nodos ->279000
--------------------------------------------------------------------------------

CASO 2: 0 5 6 3 4 10 2 1 7 8 16 15 13 18 12 20 11 14 19 9 22 17 21 23 24

34
34 36 38 40 IDA* costo: 40 time: 0.4
Generados 282924 nodos ->707310
--------------------------------------------------------------------------------

CASO 3: 10 1 7 4 9 2 6 15 3 13 11 5 12 17 0 20 16 18 14 8 21 22 19 23 24 

40
40 42 44 46 IDA* costo: 46 time: 1.52
Generados 1069708 nodos ->703755
--------------------------------------------------------------------------------

CASO 4: 1 6 2 4 9 10 5 11 8 3 20 15 19 13 18 7 12 23 16 17 21 22 0 24 14 

38
38 40 42 IDA* costo: 42 time: 0.05
Generados 31790 nodos ->635800
--------------------------------------------------------------------------------

CASO 5: 1 0 4 13 9 10 3 6 19 14 21 16 5 2 8 11 15 12 23 18 20 22 17 7 24

43
43 45 47 49 IDA* costo: 49 time: 5.69
Generados 4075974 nodos ->716340
--------------------------------------------------------------------------------

CASO 6: 10 2 7 9 3 13 15 6 4 14 16 0 5 1 8 11 12 18 24 19 20 21 17 22 23 

45
45 47 49 51 IDA* costo: 51 time: 40.55
Generados 28943462 nodos ->713772
--------------------------------------------------------------------------------

CASO 7: 5 0 2 8 4 10 12 7 9 14 15 1 6 3 13 20 11 17 18 19 21 16 22 23 24 

23
23 25 27 29 31 IDA* costo: 31 time: 1.54
Generados 1094034 nodos ->710412
--------------------------------------------------------------------------------

CASO 8: 1 7 3 8 4 0 6 5 13 9 21 11 12 14 18 10 2 15 17 16 20 22 23 24 19 

33
33 35 37 39 41 43 IDA* costo: 43 time: 1.87
Generados 1323971 nodos ->708006
--------------------------------------------------------------------------------

CASO 9: 1 13 7 9 2 11 6 3 4 14 16 15 12 19 5 20 17 18 8 0 21 22 10 23 24 

41
41 43 45 47 49 51 IDA* costo: 51 time: 89.29
Generados 64466588 nodos ->721991
--------------------------------------------------------------------------------

CASO 10: 12 0 9 7 8 1 5 6 3 4 11 10 17 13 14 15 2 16 18 19 20 21 22 23 24

29
29 31 33 35 37 IDA* costo: 37 time: 3.61
Generados 2551393 nodos ->706757
--------------------------------------------------------------------------------

CASO 11: 5 1 7 8 3 10 19 6 2 0 15 23 11 4 9 20 16 12 17 14 21 22 18 13 24

35
35 37 39 41 43 45 47 IDA* costo: 47 time: 57.34
Generados 40408963 nodos ->704726
--------------------------------------------------------------------------------

CASO 12: 2 13 4 0 9 1 6 8 16 12 5 15 3 7 24 11 10 21 18 14 20 22 19 23 17

49
49 51 53 55 IDA* costo: 55 time: 48.37
Generados 31953735 nodos ->660611
--------------------------------------------------------------------------------

CASO 13: 1 10 2 3 4 5 12 15 9 14 17 0 7 6 19 16 11 22 8 13 20 21 23 18 24

31
31 33 35 37 IDA* costo: 37 time: 0.27
Generados 187291 nodos ->693670
--------------------------------------------------------------------------------

CASO 14: 6 3 12 8 4 1 7 11 2 9 5 23 13 0 14 15 20 21 18 19 16 10 22 17 24

35
35 37 39 41 43 IDA* costo: 43 time: 7.06
Generados 4459171 nodos ->631611
--------------------------------------------------------------------------------

CASO 15: 5 3 4 8 9 6 1 7 2 14 21 15 10 12 13 0 17 16 18 19 11 20 22 23 24

29
29 31 33 35 37 39 IDA* costo: 39 time: 71.61
Generados 50408373 nodos ->703929
--------------------------------------------------------------------------------

CASO 16: 5 1 8 2 4 6 7 13 16 9 10 11 17 3 19 15 14 24 22 23 20 0 21 12 18

33
33 35 37 39 IDA* costo: 39 time: 2.59
Generados 1831816 nodos ->707265
--------------------------------------------------------------------------------

CASO 17: 5 1 2 3 4 11 10 7 8 9 15 6 13 22 14 23 16 0 18 19 20 21 12 17 24

21
21 23 25 27 29 IDA* costo: 29 time: 0.96
Generados 648370 nodos ->675387
--------------------------------------------------------------------------------

CASO 18: 11 1 2 8 4 16 3 6 9 14 10 17 12 13 19 20 7 5 18 0 21 15 22 23 24

31
31 33 35 37 39 IDA* costo: 39 time: 0.7
Generados 468436 nodos ->669194
--------------------------------------------------------------------------------

CASO 19: 6 5 10 3 4 11 7 12 2 13 15 16 18 9 8 17 1 0 19 14 20 21 22 23 24

31
31 33 35 37 39 IDA* costo: 39 time: 2.02
Generados 1364119 nodos ->675306
--------------------------------------------------------------------------------

CASO 20: 6 8 4 14 9 1 5 7 3 2 15 10 18 24 13 0 11 17 12 23 20 16 21 22 19

37
37 39 41 43 45 47 IDA* costo: 47 time: 37.94
Generados 24857866 nodos ->655189
--------------------------------------------------------------------------------

CASO 21: 5 3 12 8 13 2 11 4 1 9 10 16 6 7 18 20 15 17 19 14 21 0 22 23 24

35
35 37 39 41 43 IDA* costo: 43 time: 11.69
Generados 7558719 nodos ->646597
--------------------------------------------------------------------------------

CASO 22: 5 1 2 9 3 0 10 11 7 4 23 6 13 8 14 15 16 22 17 24 20 21 12 19 18

29
29 31 33 35 37 39 41 IDA* costo: 41 time: 537.94
Generados 381467000 nodos ->709126
--------------------------------------------------------------------------------

CASO 23: 1 2 8 13 9 3 10 12 19 4 15 5 7 6 14 0 21 11 17 18 16 20 22 23 24

37
37 39 41 43 IDA* costo: 43 time: 0.29
Generados 186700 nodos ->643793
--------------------------------------------------------------------------------

CASO 24: 11 1 6 3 4 5 16 0 2 9 10 7 12 8 14 15 21 17 13 19 20 23 22 18 24

19
19 21 23 25 27 29 31 33 IDA* costo: 33 time: 278.3
Generados 199822939 nodos ->718013
--------------------------------------------------------------------------------

CASO 25: 6 3 13 9 7 1 2 8 11 4 5 10 20 0 14 21 16 17 12 18 15 22 23 24 19

39
39 41 43 45 IDA* costo: 45 time: 5.09
Generados 3294986 nodos ->647345

