0 1 5 2 12 4 7 3 10 8 6 11 13 9 14 15 16 17 18 19 20 21 22 23 24
2 6 5 4 9 1 3 0 7 14 10 11 15 8 19 20 21 12 24 23 16 18 22 17 13
7 6 5 1 2 15 8 9 4 3 20 16 11 12 14 21 17 22 13 24 0 10 23 19 18
10 1 2 6 3 5 7 4 0 8 12 15 11 18 13 16 17 9 14 24 20 21 22 23 19
15 5 1 2 3 10 6 7 9 4 11 12 13 23 0 20 18 24 22 8 21 17 16 19 14
1 3 9 14 19 10 5 7 4 13 11 2 8 12 24 16 6 17 18 23 15 20 21 22 0
10 5 2 3 4 7 1 6 8 13 11 16 12 9 19 20 15 17 24 23 22 14 21 0 18
6 2 3 4 9 0 1 7 8 24 5 16 19 14 13 10 11 18 12 23 20 15 17 21 22
5 1 7 3 4 20 6 11 2 9 17 15 8 12 24 10 16 18 23 0 21 22 19 14 13
0 5 2 3 4 7 1 9 14 19 6 8 12 18 13 11 20 21 23 24 10 15 16 17 22
8 7 1 2 4 0 10 3 13 9 5 6 12 19 14 11 17 18 22 24 15 16 20 21 23
0 2 3 4 14 1 5 7 8 9 6 10 11 12 13 15 17 18 19 24 16 20 21 22 23
1 3 7 2 4 5 22 9 14 8 6 0 21 24 12 10 11 20 23 13 16 15 17 19 18
1 5 2 3 4 6 14 7 12 0 8 11 10 13 9 15 16 17 18 19 20 21 22 23 24
1 2 7 0 4 5 3 11 8 13 6 10 12 14 9 15 16 17 18 19 20 21 22 23 24
1 3 4 9 14 5 7 8 13 19 10 11 12 0 24 2 6 20 18 23 16 15 17 21 22
11 10 0 1 2 12 5 7 3 4 20 6 13 19 9 21 22 15 8 24 16 23 18 14 17
1 5 0 2 12 4 7 3 10 8 6 11 13 9 14 15 16 17 18 19 20 21 22 23 24
14 1 9 6 4 8 12 5 7 2 3 10 11 0 13 15 16 17 18 19 20 21 22 23 24
3 4 9 14 13 1 8 24 19 22 5 7 12 18 21 10 2 17 23 0 11 6 16 15 20
1 3 4 13 14 5 9 8 7 19 10 11 12 0 24 2 6 20 18 23 16 15 17 21 22
0 6 2 3 4 1 7 13 8 9 5 10 21 14 19 15 12 11 17 24 16 20 22 23 18
1 2 3 4 9 5 21 6 7 8 15 22 10 11 14 17 23 12 13 24 0 16 20 18 19
3 0 8 4 9 1 5 7 2 12 6 15 11 22 13 10 21 20 23 14 17 16 19 18 24
2 6 3 9 14 0 1 4 13 8 5 12 7 18 19 20 11 16 17 24 10 15 21 22 23
15 10 5 2 8 0 12 1 7 3 21 6 11 13 4 20 16 23 14 9 18 22 17 24 19
6 7 2 8 3 1 10 5 12 4 15 16 11 23 13 20 21 18 19 0 22 17 24 14 9
5 6 1 2 3 11 7 8 24 4 10 22 16 18 13 20 12 23 19 9 15 21 17 14 0
2 10 0 4 9 1 12 3 6 7 15 22 5 14 8 20 11 24 13 18 17 16 21 23 19
20 1 6 4 0 5 7 2 3 9 10 15 12 17 13 22 11 21 16 8 23 24 18 19 14
1 7 6 0 9 5 3 2 4 10 11 13 16 8 19 20 15 22 14 24 12 21 23 18 17
5 12 4 9 8 2 6 3 7 0 1 11 13 19 14 10 15 22 17 24 20 16 21 18 23
2 6 4 12 9 1 8 3 0 14 5 17 7 19 13 11 20 21 23 24 10 15 16 22 18
10 5 2 19 3 6 7 1 4 24 20 11 22 14 23 12 13 15 9 8 16 21 17 18 0
1 3 5 9 14 4 8 7 13 19 10 2 12 0 24 11 6 17 18 23 16 15 20 21 22
5 2 3 8 4 11 1 7 13 9 6 17 10 14 15 20 0 18 23 19 21 12 16 22 24
2 3 4 9 14 7 12 8 24 13 1 5 16 19 0 20 6 21 23 22 10 11 15 18 17
25
