6 5 3 4 9 1 8 2 18 13 0 12 11 23 14 10 15 7 16 19 20 21 17 22 24
0 5 6 3 4 10 2 1 7 8 16 15 13 18 12 20 11 14 19 9 22 17 21 23 24
10 1 7 4 9 2 6 15 3 13 11 5 12 17 0 20 16 18 14 8 21 22 19 23 24 
1 6 2 4 9 10 5 11 8 3 20 15 19 13 18 7 12 23 16 17 21 22 0 24 14 
1 0 4 13 9 10 3 6 19 14 21 16 5 2 8 11 15 12 23 18 20 22 17 7 24
10 2 7 9 3 13 15 6 4 14 16 0 5 1 8 11 12 18 24 19 20 21 17 22 23 
5 0 2 8 4 10 12 7 9 14 15 1 6 3 13 20 11 17 18 19 21 16 22 23 24 
1 7 3 8 4 0 6 5 13 9 21 11 12 14 18 10 2 15 17 16 20 22 23 24 19
1 13 7 9 2 11 6 3 4 14 16 15 12 19 5 20 17 18 8 0 21 22 10 23 24
12 0 9 7 8 1 5 6 3 4 11 10 17 13 14 15 2 16 18 19 20 21 22 23 24
5 1 7 8 3 10 19 6 2 0 15 23 11 4 9 20 16 12 17 14 21 22 18 13 24
2 13 4 0 9 1 6 8 16 12 5 15 3 7 24 11 10 21 18 14 20 22 19 23 17
1 10 2 3 4 5 12 15 9 14 17 0 7 6 19 16 11 22 8 13 20 21 23 18 24
6 3 12 8 4 1 7 11 2 9 5 23 13 0 14 15 20 21 18 19 16 10 22 17 24
5 3 4 8 9 6 1 7 2 14 21 15 10 12 13 0 17 16 18 19 11 20 22 23 24
5 1 8 2 4 6 7 13 16 9 10 11 17 3 19 15 14 24 22 23 20 0 21 12 18
5 1 2 3 4 11 10 7 8 9 15 6 13 22 14 23 16 0 18 19 20 21 12 17 24
11 1 2 8 4 16 3 6 9 14 10 17 12 13 19 20 7 5 18 0 21 15 22 23 24
6 5 10 3 4 11 7 12 2 13 15 16 18 9 8 17 1 0 19 14 20 21 22 23 24
6 8 4 14 9 1 5 7 3 2 15 10 18 24 13 0 11 17 12 23 20 16 21 22 19
5 3 12 8 13 2 11 4 1 9 10 16 6 7 18 20 15 17 19 14 21 0 22 23 24
5 1 2 9 3 0 10 11 7 4 23 6 13 8 14 15 16 22 17 24 20 21 12 19 18
1 2 8 13 9 3 10 12 19 4 15 5 7 6 14 0 21 11 17 18 16 20 22 23 24
11 1 6 3 4 5 16 0 2 9 10 7 12 8 14 15 21 17 13 19 20 23 22 18 24
6 3 13 9 7 1 2 8 11 4 5 10 20 0 14 21 16 17 12 18 15 22 23 24 19 
25
