
 0111 1111 1000 0010
 1101 0110 0011 1100
 1011 0000 0100 1010
 1001 0101 0001 1110
9188141745933292830
45 47 49 51 53 
A* costo: 53 time: 0.03
IDA* costo: 53 time: 0.03
Generados 121153 nodos ->4.03843e+06

 1110 1101 1111 0111
 1011 1100 1001 0101
 0110 0000 0010 0001
 0100 1000 1010 0011
17147381455985395875
47 49 51 53 55 57 
A* costo: 57 time: 0.13
IDA* costo: 57 time: 0.05
Generados 201288 nodos ->4.02576e+06

 1101 0101 0100 1010
 1001 1100 1000 1110
 0010 0011 0111 0001
 0000 1111 1011 0110
15369268812649140150
45 47 49 51 53 55 
A* costo: 55 time: 0.1
IDA* costo: 55 time: 0.08
Generados 323083 nodos ->4.03854e+06

 1110 0111 1000 0010
 1101 1011 1010 0100
 1001 1100 0101 0000
 0011 0110 0001 1111
16682137469777360415
45 47 49 51 53 55 57 59 
A* costo: 59 time: 1.45
IDA* costo: 59 time: 1.73
Generados 7532213 nodos ->4.35388e+06

 0101 1100 1010 0111
 1111 1011 1110 0000
 1000 0010 0001 1101
 0011 0100 1001 0110
6676581914274247830
44 46 48 50 52 54 56 
A* costo: 56 time: 0.51
IDA* costo: 56 time: 0.05
Generados 235668 nodos ->4.71336e+06

 0100 0111 1110 1101
 1010 0011 1001 1100
 1011 0101 0110 1111
 0001 0010 1000 0000
5182978639627489920
44 46 48 50 52 54 56 
A* costo: 56 time: 0.25
IDA* costo: 56 time: 0.11
Generados 490268 nodos ->4.45698e+06

 1110 0111 0001 1001
 1100 0011 0110 1111
 1000 1011 0010 0101
 1010 0000 0100 1101
16652555981022404685
44 46 48 50 52 
A* costo: 52 time: 0.08
IDA* costo: 52 time: 0.02
Generados 69491 nodos ->3.47455e+06

 0010 1011 1111 0101
 1101 0100 0110 0111
 1100 1000 1010 0001
 1001 0011 1110 0000
3167671455137764320
40 42 44 46 48 50 52 
A* costo: 52 time: 0.33
IDA* costo: 52 time: 0.06
Generados 269455 nodos ->4.49092e+06

 1100 1011 1111 0011
 1000 0000 0100 0010
 0110 1101 1001 0101
 1110 0001 1010 0111
14696231031834796455
40 42 44 46 48 50 
A* costo: 50 time: 0.23
IDA* costo: 50 time: 0.11
Generados 455432 nodos ->4.14029e+06

 0011 1110 1001 1011
 0101 0100 1000 0010
 1101 1100 0110 0111
 1010 0001 1111 0000
4511292372761944560
40 42 44 46 
A* costo: 46 time: 0.04
IDA* costo: 46 time: 0.02
Generados 61007 nodos ->3.05035e+06

 1101 1011 1000 1001
 0000 1111 0111 1010
 0100 0011 0110 1110
 0101 1100 0010 0001
15819192183907310625
49 51 53 55 57 59 
A* costo: 59 time: 0.66
IDA* costo: 59 time: 0.48
Generados 2078046 nodos ->4.32926e+06

 0101 1001 1101 1110
 0110 0011 0111 1100
 1010 1000 0100 0000
 1111 0010 1011 0001
6475722701255275185
45 47 49 51 53 55 57 
A* costo: 57 time: 0.79
IDA* costo: 57 time: 0.84
Generados 3719697 nodos ->4.42821e+06

 1110 0001 1001 0110
 0100 1000 1100 0101
 0111 0010 0011 0000
 1010 1011 1101 1111
16255259917901933535
39 41 43 45 
A* costo: 45 time: 0.16
IDA* costo: 45 time: 0.01
Generados 40141 nodos ->4.0141e+06

 0011 0110 0101 0010
 1010 0000 1111 1110
 0001 0100 1101 1100
 1001 1000 1011 0111
3914368039270521015
36 38 40 42 44 46 
A* costo: 46 time: 0.07
IDA* costo: 46 time: 0.03
Generados 140918 nodos ->4.69727e+06

 0111 0110 1000 0001
 1011 0101 1110 1010
 0011 0100 1001 1101
 1111 0010 0000 1100
8539306385980912140
47 49 51 53 55 57 59 
A* costo: 59 time: 1.24
IDA* costo: 59 time: 0.46
Generados 1974806 nodos ->4.29306e+06

 1101 1011 0100 1100
 0001 1000 1001 1111
 0110 0101 1110 0010
 0111 0011 1010 0000
15802032265424434080
46 48 50 52 54 56 58 60 62 
A* costo: 62 time: 5.98
IDA* costo: 62 time: 3.01
Generados 13253306 nodos ->4.40309e+06

 0001 0011 0010 0101
 1010 1001 1111 0110
 1000 1110 1101 1011
 1100 0100 0111 0000
1379695737282741360
32 34 36 38 40 42 
A* costo: 42 time: 1.53
IDA* costo: 42 time: 0.07
Generados 284930 nodos ->4.07043e+06

 1111 1110 0000 0100
 1011 0001 0110 1101
 0111 0101 1000 1001
 0011 0010 1010 1100
18303949869222015660
52 54 56 58 60 62 64 66 
A* costo: 66 time: 4.43
IDA* costo: 66 time: 3.03
Generados 13228008 nodos ->4.36568e+06

 0110 0000 1110 1100
 0001 1111 1001 1010
 1011 0100 0111 0010
 1000 0011 0101 1101
6983991871457624925
45 47 49 51 53 55 
A* costo: 55 time: 1.23
IDA* costo: 55 time: 0.04
Generados 192165 nodos ->4.80412e+06

 0111 1011 1000 0011
 1110 0000 0110 1111
 0001 0100 1101 1001
 0101 1100 0010 1010
8900204056310012970
40 42 44 46 
A* costo: 46 time: 0.08
IDA* costo: 46 time: 0.01
Generados 81656 nodos ->8.1656e+06

 0110 1100 1011 0011
 1101 0111 1001 1111
 0010 1110 1000 1010
 0100 0001 0101 0000
7832841255608009040
38 40 42 44 46 48 50 52 
A* costo: 52 time: 0.15
IDA* costo: 52 time: 0.18
Generados 767947 nodos ->4.26637e+06

 1100 1000 1110 0110
 1011 0100 0111 0000
 0101 0001 1010 1111
 0011 1101 1001 0010
14476456446728813970
40 42 44 46 48 50 52 54 
A* costo: 54 time: 1.06
IDA* costo: 54 time: 0.98
Generados 4367684 nodos ->4.45682e+06

 1110 0011 1001 0001
 1111 1000 0100 0101
 1011 0111 1010 1101
 0000 0010 1100 0110
16398160696550687430
49 51 53 55 57 59 
A* costo: 59 time: 1.24
IDA* costo: 59 time: 0.91
Generados 3944287 nodos ->4.33438e+06

 1010 1001 0011 1011
 0000 1101 0010 1110
 0101 0110 0100 0111
 1000 1111 0001 1100
12194354908702936860
39 41 43 45 47 49 
A* costo: 49 time: 0.26
IDA* costo: 49 time: 0.01
Generados 49650 nodos ->4.965e+06

 0111 0011 1110 1101
 0100 0001 1010 1000
 0101 1100 1001 1011
 0010 1111 0110 0000
8353405075206123360
40 42 44 46 48 50 52 54 
A* costo: 54 time: 0.62
IDA* costo: 54 time: 0.54
Generados 2450924 nodos ->4.53875e+06

 1011 0100 0010 0111
 0001 0000 1010 1111
 0110 1001 1110 1000
 0011 1101 0101 1100
12981362796500893020
36 38 40 42 44 46 48 50 52 
A* costo: 52 time: 0.48
IDA* costo: 52 time: 0.35
Generados 1576102 nodos ->4.50315e+06

 0101 0111 0011 1100
 1111 1101 1110 1000
 0000 1010 1001 0110
 0001 0100 0010 1011
6286178352954217515
40 42 44 46 48 50 52 54 56 58 
A* costo: 58 time: 1.42
IDA* costo: 58 time: 1.42
Generados 6450929 nodos ->4.54291e+06

 1110 0001 1000 1111
 0010 0110 0000 0011
 1001 1100 1010 1101
 0100 0111 0101 1011
16253251377158768475
41 43 45 47 49 51 53 
A* costo: 53 time: 0.46
IDA* costo: 53 time: 0.09
Generados 383458 nodos ->4.26064e+06

 1101 1110 0110 1100
 0100 0101 0001 0000
 1001 0011 1010 0010
 1111 1011 1000 0111
16027261111403477895
44 46 48 50 52 
A* costo: 52 time: 0.08
IDA* costo: 52 time: 0.02
Generados 99872 nodos ->4.9936e+06

 1001 1000 0000 0010
 1111 0001 0100 1110
 0011 1010 0111 0101
 1011 1101 0110 1100
10953582562009005420
44 46 48 50 52 54 
A* costo: 54 time: 0.18
IDA* costo: 54 time: 0.12
Generados 500379 nodos ->4.16982e+06

 1100 1111 0010 0110
 0001 1110 0100 1000
 0101 0011 0111 0000
 1010 1101 1001 1011
14926651310952459675
39 41 43 45 47 
A* costo: 47 time: 0.07
IDA* costo: 47 time: 0.01
Generados 41852 nodos ->4.1852e+06

 1100 1000 1111 1101
 0001 0000 0101 0100
 0110 0011 0010 1011
 1001 0111 1110 1010
14482749931320481770
44 46 48 50 
A* costo: 50 time: 0.04
IDA* costo: 50 time: 0.01
Generados 32948 nodos ->3.2948e+06

 1110 1010 1001 0100
 1101 0110 0101 1000
 0010 1100 0111 0000
 0001 0011 1011 1111
16903370975619322815
47 49 51 53 55 57 59 
A* costo: 59 time: 0.77
IDA* costo: 59 time: 2.06
Generados 8890104 nodos ->4.31558e+06

 1110 0011 0101 1111
 1011 0110 1101 1001
 0000 1010 0010 1100
 0100 0001 0111 1000
16384015012691984760
46 48 50 52 54 56 58 60 
A* costo: 60 time: 0.85
IDA* costo: 60 time: 0.3
Generados 1329248 nodos ->4.43083e+06

 0110 1011 0111 1000
 1101 0010 0101 0100
 0001 1010 0011 1001
 1110 0000 1100 1111
7744170817922654415
40 42 44 46 48 50 52 
A* costo: 52 time: 0.25
IDA* costo: 52 time: 0.14
Generados 586871 nodos ->4.19194e+06

 0001 0110 1100 1110
 0011 0010 1111 1000
 0100 0101 1101 1001
 0000 0111 1011 1010
1643306955941939130
39 41 43 45 47 49 51 53 55 
A* costo: 55 time: 0.27
IDA* costo: 55 time: 0.13
Generados 546411 nodos ->4.20316e+06

 1100 0110 0000 0100
 0111 0011 1111 0001
 1101 1001 1000 1011
 0010 1110 0101 1010
14268657001990663770
40 42 44 46 48 50 52 
A* costo: 52 time: 0.13
IDA* costo: 52 time: 0.05
Generados 221461 nodos ->4.42922e+06

 1000 0001 0111 1100
 1011 0000 1010 0101
 1001 1111 0110 1101
 1110 0010 0011 0100
9330526753395696180
46 48 50 52 54 56 58 
A* costo: 58 time: 0.39
IDA* costo: 58 time: 0.33
Generados 1411940 nodos ->4.27861e+06

 1001 0000 0100 1010
 0001 1110 1111 0011
 1100 0110 0101 0111
 1011 1101 1000 0010
10397156722091736450
37 39 41 43 45 47 49 
A* costo: 49 time: 0.22
IDA* costo: 49 time: 0.11
Generados 494755 nodos ->4.49777e+06

 1011 0101 0001 1110
 0100 1100 1010 0000
 0010 0111 1101 0011
 1001 1111 0110 1000
13050953020912934760
44 46 48 50 52 54 
A* costo: 54 time: 0.44
IDA* costo: 54 time: 0.09
Generados 394047 nodos ->4.3783e+06

 1000 1101 1010 1001
 1011 0011 1111 0110
 0000 0001 0010 1110
 1100 0101 0100 0111
10207887899575108935
42 44 46 48 50 52 54 
A* costo: 54 time: 0.22
IDA* costo: 54 time: 0.05
Generados 207283 nodos ->4.14566e+06

 0100 0101 0111 0010
 1001 1110 1100 1101
 0000 0011 0110 1011
 1000 0001 1111 1010
5004236739324903930
34 36 38 40 42 
A* costo: 42 time: 0.05
IDA* costo: 42 time: 0.01
Generados 3738 nodos ->373800

 1011 1111 1110 1101
 0001 1001 1010 0100
 0011 0110 0010 1100
 0111 0101 1000 0000
13829738223798875520
52 54 56 58 60 62 64 
A* costo: 64 time: 0.17
IDA* costo: 64 time: 0.08
Generados 363163 nodos ->4.53954e+06

 1100 1001 0000 0110
 1000 0011 0101 1110
 0010 0100 1011 0111
 1010 0001 1111 1101
14485409691849957885
38 40 42 44 46 48 50 
A* costo: 50 time: 0.13
IDA* costo: 50 time: 0.25
Generados 1068886 nodos ->4.27554e+06

 0011 1110 1001 0111
 1100 1111 0000 0100
 0001 1000 0101 0110
 1011 1010 0010 1101
4510301168329996845
41 43 45 47 49 51 
A* costo: 51 time: 0.08
IDA* costo: 51 time: 0.05
Generados 176964 nodos ->3.53928e+06

 1000 0100 0110 0001
 1110 1100 0010 1111
 1101 1010 1001 0101
 0011 0111 0000 1011
9539165176022251275
39 41 43 45 47 49 
A* costo: 49 time: 0.07
IDA* costo: 49 time: 0.01
Generados 72609 nodos ->7.2609e+06

 0110 1010 0001 1110
 1111 1000 0011 0101
 1101 0000 0010 0111
 0100 1001 1011 1100
7646822127330871740
41 43 45 47 
A* costo: 47 time: 0.05
IDA* costo: 47 time: 0
Generados 21269 nodos ->inf

 1000 1011 0100 0110
 0111 0011 1010 1001
 0010 1100 1111 1101
 0000 0001 0101 1110
10035835990083174750
41 43 45 47 49 
A* costo: 49 time: 0.05
IDA* costo: 49 time: 0.01
Generados 42222 nodos ->4.2222e+06

 1010 0000 0010 0100
 0101 0001 0110 1100
 1011 1101 1001 0111
 1111 0011 1110 1000
11539437672709223400
43 45 47 49 51 53 55 57 59 
A* costo: 59 time: 2.92
IDA* costo: 59 time: 2.62
Generados 11554563 nodos ->4.41014e+06

 1100 0101 1101 1011
 0010 1010 0000 1001
 0111 1000 0100 0011
 1110 0110 1111 0001
14257035265532225265
45 47 49 51 53 
A* costo: 53 time: 0.83
IDA* costo: 53 time: 0.02
Generados 60977 nodos ->3.04885e+06

 1010 0010 1000 0100
 1111 0000 0001 1110
 1011 1101 0011 0110
 1001 0111 0101 1100
11710748945884288860
46 48 50 52 54 56 
A* costo: 56 time: 0.17
IDA* costo: 56 time: 0.06
Generados 246605 nodos ->4.11008e+06

 1010 1000 0000 1100
 0011 0111 0110 0010
 0001 1110 0100 1011
 1111 1101 1001 0101
12109114392647040405
46 48 50 52 54 56 
A* costo: 56 time: 0.49
IDA* costo: 56 time: 0.31
Generados 1378910 nodos ->4.4481e+06

 1110 1001 1100 1101
 1111 0100 1000 1010
 0000 0010 0001 0111
 0011 1011 0101 0110
16847390654640634710
56 58 60 62 64 
A* costo: 64 time: 2.2
IDA* costo: 64 time: 0.88
Generados 3857580 nodos ->4.38361e+06

 1100 1011 0000 1000
 1010 0010 1101 1111
 0101 0100 0111 0011
 0110 1001 1110 0001
14630122469591312865
46 48 50 52 54 56 
A* costo: 56 time: 0.78
IDA* costo: 56 time: 0.23
Generados 1004067 nodos ->4.36551e+06

 1101 1000 1110 0011
 1001 0001 0000 0111
 1111 0101 0100 1010
 1100 0010 0110 1011
15628494595271869035
33 35 37 39 41 
A* costo: 41 time: 0.1
IDA* costo: 41 time: 0.01
Generados 44263 nodos ->4.4263e+06

 0011 1111 0010 0101
 1011 0110 0100 0111
 1100 1001 0001 0000
 1101 1110 1010 1000
4550243417960013480
39 41 43 45 47 49 51 53 55 
A* costo: 55 time: 2.53
IDA* costo: 55 time: 1.65
Generados 7356255 nodos ->4.45834e+06

 0101 1011 0110 1001
 0100 1101 1100 0000
 1000 0010 1111 1010
 0001 0111 0011 1110
6586881419232548670
42 44 46 48 50 
A* costo: 50 time: 0.68
IDA* costo: 50 time: 0
Generados 24172 nodos ->inf

 0101 0000 1111 1000
 0100 0110 0001 1110
 1010 1011 0011 1001
 0111 1100 0010 1101
5834490414794112045
39 41 43 45 47 49 51 
A* costo: 51 time: 0.13
IDA* costo: 51 time: 0.06
Generados 259549 nodos ->4.32582e+06

 1111 1110 0110 0111
 1010 0001 0000 1011
 1100 1000 0100 1001
 0010 0101 1101 0011
18331797880211842515
43 45 47 49 51 53 55 57 
A* costo: 57 time: 1.57
IDA* costo: 57 time: 1.14
Generados 4993141 nodos ->4.37995e+06

 1011 1110 1101 0001
 0010 0011 1100 0100
 1111 0111 1001 0101
 1010 0110 1000 0000
13749810466213176960
54 56 58 60 62 64 66 
A* costo: 66 time: 4.86
IDA* costo: 66 time: 2.12
Generados 9439305 nodos ->4.4525e+06

 0110 1101 0011 0010
 1011 1001 0101 1010
 0001 0111 1100 1110
 1000 0100 0000 1111
7868555295567283215
35 37 39 41 43 45 
A* costo: 45 time: 1.25
IDA* costo: 45 time: 0.01
Generados 55301 nodos ->5.5301e+06

 0100 0110 1100 0000
 1110 0010 1001 1101
 1011 1000 0011 1111
 0111 1010 0001 0101
5098323945212312085
45 47 49 51 53 55 57 
A* costo: 57 time: 0.55
IDA* costo: 57 time: 0.56
Generados 2443132 nodos ->4.36274e+06

 1000 1010 1001 1011
 1110 0001 0111 1111
 1101 0100 0000 1100
 0110 0010 0101 0011
9987824537758884435
46 48 50 52 54 56 
A* costo: 56 time: 0.29
IDA* costo: 56 time: 0.19
Generados 830761 nodos ->4.37243e+06

 0101 0010 1110 0000
 0111 1000 0110 0011
 1011 1100 1101 1111
 0100 1010 1001 0001
5971905475659123345
37 39 41 43 45 47 49 51 
A* costo: 51 time: 0.31
IDA* costo: 51 time: 0.15
Generados 690063 nodos ->4.60042e+06

 0111 1000 0011 0010
 1010 1100 0100 0110
 1011 1101 0101 1111
 0000 0001 1001 1110
8661174453211693470
35 37 39 41 43 45 47 
A* costo: 47 time: 0.14
IDA* costo: 47 time: 0.02
Generados 73296 nodos ->3.6648e+06

 1011 0110 1110 1100
 0011 0101 0001 1111
 1000 0000 1010 1101
 1001 0111 0100 0010
13180968618825717570
49 51 53 55 57 59 61 
A* costo: 61 time: 1.49
IDA* costo: 61 time: 0.89
Generados 3913919 nodos ->4.39766e+06

 0111 0001 0010 0100
 1000 0011 0110 1011
 1010 1111 0000 0101
 1110 1100 1101 1001
8152785723968580825
36 38 40 42 44 46 48 50 
A* costo: 50 time: 0.95
IDA* costo: 50 time: 0.18
Generados 788575 nodos ->4.38097e+06

 0111 0011 0001 1101
 1100 1010 0101 0010
 1000 0000 0110 1011
 1110 1111 0100 1001
8295008544377007945
41 43 45 47 49 51 
A* costo: 51 time: 0.26
IDA* costo: 51 time: 0.16
Generados 669313 nodos ->4.18321e+06

 0110 0000 0101 1111
 0001 1110 0100 1001
 0010 1101 1000 1010
 1011 1100 0111 0011
6944302450074106995
41 43 45 47 49 51 53 
A* costo: 53 time: 0.31
IDA* costo: 53 time: 0.24
Generados 1037913 nodos ->4.32464e+06

 1111 0001 0011 1100
 0100 0000 0110 0101
 0010 1000 1110 1001
 1101 1010 0111 1011
17382839464965560955
36 38 40 42 44 46 48 50 52 
A* costo: 52 time: 0.81
IDA* costo: 52 time: 0.6
Generados 2679737 nodos ->4.46623e+06

 0101 0111 0000 1011
 1100 0001 1001 1010
 1111 0110 0010 0011
 1000 0100 1101 1110
6272319777342194910
34 36 38 40 42 44 
A* costo: 44 time: 0.24
IDA* costo: 44 time: 0
Generados 12409 nodos ->inf

 1100 1111 1011 1010
 0100 0101 1110 0000
 1101 0111 0001 0010
 1001 1000 0011 0110
14968353143502575670
44 46 48 50 52 54 56 
A* costo: 56 time: 0.56
IDA* costo: 56 time: 0.46
Generados 2064120 nodos ->4.48722e+06

 0110 1110 1010 0101
 1111 1000 0111 0001
 0011 0100 0010 0000
 1100 1001 1011 1101
7973051880418888125
43 45 47 49 
A* costo: 49 time: 0.18
IDA* costo: 49 time: 0
Generados 10912 nodos ->inf

 1110 1101 0100 1011
 1111 1000 0110 1001
 0000 0111 0011 0001
 0010 1010 1100 0101
17099033540218137285
48 50 52 54 56 
A* costo: 56 time: 0.09
IDA* costo: 56 time: 0
Generados 21415 nodos ->inf

 1110 0100 0000 1010
 0110 0101 0001 0011
 1001 0010 1101 1111
 1100 0111 1000 1011
16432057325157599115
36 38 40 42 44 46 48 
A* costo: 48 time: 0.32
IDA* costo: 48 time: 0.19
Generados 805379 nodos ->4.23884e+06

 1111 1010 1000 0011
 0000 0110 1001 0101
 0001 1110 1101 1011
 0111 0010 1100 0100
18051278968968671940
45 47 49 51 53 55 57 
A* costo: 57 time: 1.51
IDA* costo: 57 time: 0.35
Generados 1527029 nodos ->4.36294e+06

 0000 1101 0010 0100
 1100 1110 0110 1001
 1111 0001 1010 0011
 1011 0101 1000 0111
947108776075572615
42 44 46 48 50 52 54 
A* costo: 54 time: 0.65
IDA* costo: 54 time: 0.05
Generados 225848 nodos ->4.51696e+06

 0011 1110 1101 0110
 0100 1111 1000 1001
 0101 1100 1010 0000
 0010 0111 0001 1011
4527893926750725915
45 47 49 51 53 
A* costo: 53 time: 0.18
IDA* costo: 53 time: 0.06
Generados 277248 nodos ->4.6208e+06

 0000 0001 1001 0111
 1011 1101 0101 0011
 1110 1100 0100 0010
 1000 0110 1010 1111
114768483664955055
34 36 38 40 42 
A* costo: 42 time: 0.08
IDA* costo: 42 time: 0.01
Generados 6679 nodos ->667900

 1011 0000 1111 1000
 1101 1100 0011 0101
 1010 0001 0100 0110
 1110 1001 0111 0010
12752184467796715890
47 49 51 53 55 57 
A* costo: 57 time: 0.65
IDA* costo: 57 time: 0.58
Generados 2572041 nodos ->4.43455e+06

 1101 0000 1001 1100
 1011 0110 0011 0101
 1111 1000 0001 1010
 0100 1110 0010 0111
15032089999167868455
47 49 51 53 
A* costo: 53 time: 0.21
IDA* costo: 53 time: 0.01
Generados 58061 nodos ->5.8061e+06

 1110 1010 0010 0001
 1101 1001 1000 1011
 0111 0011 0110 1100
 1111 0101 0100 0000
16871004872066790720
50 52 54 56 58 60 62 
A* costo: 62 time: 2.41
IDA* costo: 62 time: 0.94
Generados 4194090 nodos ->4.4618e+06

 1100 0011 1001 0001
 0100 0101 1010 0010
 0110 1011 1111 0000
 1110 0111 1101 1000
14092121272916961240
39 41 43 45 47 49 
A* costo: 49 time: 0.73
IDA* costo: 49 time: 0.01
Generados 74739 nodos ->7.4739e+06

 1111 1000 1010 0111
 0000 1100 1110 0001
 0101 1001 0110 0011
 1101 1011 0100 0010
17917303804523699010
45 47 49 51 53 55 
A* costo: 55 time: 0.38
IDA* costo: 55 time: 0.13
Generados 543685 nodos ->4.18219e+06

 0100 0111 1101 1010
 0001 0010 1001 0110
 1100 1000 1110 0101
 0011 0000 1011 1111
5177471160440664255
36 38 40 42 44 
A* costo: 44 time: 0.14
IDA* costo: 44 time: 0
Generados 8009 nodos ->inf

 0110 0000 0101 1010
 1011 1100 1001 0010
 0001 0111 0100 0011
 1110 1000 1101 1111
6943069111186614495
37 39 41 43 45 
A* costo: 45 time: 0.08
IDA* costo: 45 time: 0.01
Generados 25347 nodos ->2.5347e+06

 1001 0101 1011 1010
 1101 0000 0010 0001
 1000 0110 1110 1100
 0100 0111 0011 1111
10789164699735574335
42 44 46 48 50 52 
A* costo: 52 time: 0.12
IDA* costo: 52 time: 0.01
Generados 83449 nodos ->8.3449e+06

 1111 0010 1100 1011
 1110 1101 1001 0101
 0001 0011 1000 0111
 0000 1010 0110 0100
17495338401984350820
47 49 51 53 55 57 59 61 63 65 
A* costo: 65 time: 9.03
IDA* costo: 65 time: 2.97
Generados 13065870 nodos ->4.39928e+06

 1011 0001 0111 0100
 1010 1101 0011 1000
 1001 1110 0000 1111
 0110 0101 0010 1100
12787035700693263660
42 44 46 48 50 52 54 
A* costo: 54 time: 2.65
IDA* costo: 54 time: 0.32
Generados 1434199 nodos ->4.48187e+06

 0101 0100 0111 0001
 1011 1100 1110 1111
 1010 1101 1000 0110
 0010 0000 1001 0011
6084852309148704915
40 42 44 46 48 50 
A* costo: 50 time: 0.16
IDA* costo: 50 time: 0.04
Generados 162187 nodos ->4.05468e+06

 1001 0111 0101 0010
 1110 1111 1100 1010
 1011 0011 0110 0001
 1000 1101 0000 0100
10904041301689339140
47 49 51 53 55 57 
A* costo: 57 time: 0.27
IDA* costo: 57 time: 0.31
Generados 1344676 nodos ->4.33766e+06

 0011 0010 0111 1001
 0000 1111 1100 0100
 0110 1011 0101 1110
 1000 1101 1010 0001
3636955510367751585
45 47 49 51 53 55 57 
A* costo: 57 time: 0.7
IDA* costo: 57 time: 0.66
Generados 2918742 nodos ->4.42234e+06

 1101 1001 1110 0110
 1100 1000 0001 0010
 0011 0100 0000 0111
 0101 1010 1011 1111
15701457131381676735
38 40 42 44 46 
A* costo: 46 time: 0.23
IDA* costo: 46 time: 0
Generados 21937 nodos ->inf

 0101 0111 1011 1000
 0000 1110 1001 1101
 1010 1100 0011 1111
 0110 0001 0100 0010
6320818147376980290
47 49 51 53 
A* costo: 53 time: 0.11
IDA* costo: 53 time: 0.01
Generados 36665 nodos ->3.6665e+06

 0100 0011 0110 1101
 0111 1111 1001 0000
 1010 0101 1000 1011
 0010 1100 0001 1110
4858679832232012830
40 42 44 46 48 50 
A* costo: 50 time: 0.12
IDA* costo: 50 time: 0.01
Generados 63767 nodos ->6.3767e+06

 0001 0111 1111 1110
 0010 0110 0100 1001
 1100 1011 1101 0011
 0000 1000 0101 1010
1728861405350922330
35 37 39 41 43 45 47 49 
A* costo: 49 time: 0.15
IDA* costo: 49 time: 0.06
Generados 247584 nodos ->4.1264e+06

 1001 1110 0101 0111
 1000 1111 0001 0010
 1010 0100 1101 0110
 1100 0000 1011 0011
11409745491204161715
38 40 42 44 
A* costo: 44 time: 0.09
IDA* costo: 44 time: 0
Generados 6158 nodos ->inf

 0000 1011 0011 1100
 0101 0010 0001 1001
 1000 1010 1110 1111
 0111 0100 1101 0110
809612302678455510
40 42 44 46 48 50 52 54 
A* costo: 54 time: 0.64
IDA* costo: 54 time: 0.82
Generados 3647744 nodos ->4.44847e+06

 0111 1111 0100 0000
 1010 1001 0010 0101
 1100 1011 1101 0110
 0001 0011 1110 1000
9169514821125018600
43 45 47 49 51 53 55 57 
A* costo: 57 time: 0.6
IDA* costo: 57 time: 0.08
Generados 364520 nodos ->4.5565e+06

 1011 0100 0000 1000
 0110 1010 0101 1101
 1100 0111 1110 0011
 0001 0010 1001 1111
12972735677658763935
38 40 42 44 46 48 50 52 54 
A* costo: 54 time: 0.71
IDA* costo: 54 time: 0.21
Generados 925169 nodos ->4.40557e+06
